50
0 196608 196608 196608 196608 196608 196608 196608 196608 196608 196608 196608 196608 196608 196608 196608 196608 196608 196608 196608 196608 196608 196608 196608 196608 196608 196608 196608 196608 196608 196608 196608 196608 196608 196608 196608 196608 196608 196608 196608 196608 196608 196608 196608 196608 196608 196608 196608 196608 196608 
196608 0 196608 196608 196608 196608 196608 196608 196608 196608 196608 196608 196608 196608 196608 196608 196608 196608 196608 196608 196608 196608 196608 196608 196608 196608 196608 196608 196608 196608 196608 196608 196608 196608 196608 196608 196608 196608 196608 196608 196608 196608 196608 196608 196608 196608 196608 196608 196608 196608 
196608 196608 0 196608 196608 196608 196608 196608 196608 196608 196608 196608 196608 196608 196608 196608 196608 196608 196608 196608 196608 196608 196608 196608 196608 196608 196608 196608 196608 196608 196608 196608 196608 196608 196608 196608 196608 196608 196608 196608 196608 196608 196608 196608 196608 196608 196608 196608 196608 196608 
196608 196608 196608 0 196608 196608 196608 196608 196608 196608 196608 196608 196608 196608 196608 196608 196608 196608 196608 196608 196608 196608 196608 196608 196608 196608 196608 196608 196608 196608 196608 196608 196608 196608 196608 196608 196608 196608 196608 196608 196608 196608 196608 196608 196608 196608 196608 196608 196608 196608 
196608 196608 196608 196608 0 196608 196608 196608 196608 196608 196608 196608 196608 196608 196608 196608 196608 196608 196608 196608 196608 196608 196608 196608 196608 196608 196608 196608 196608 196608 196608 196608 196608 196608 196608 196608 196608 196608 196608 196608 196608 196608 196608 196608 196608 196608 196608 196608 196608 196608 
196608 196608 196608 196608 196608 0 196608 196608 196608 196608 196608 196608 196608 196608 196608 196608 196608 196608 196608 196608 196608 196608 196608 196608 196608 196608 196608 196608 196608 196608 196608 196608 196608 196608 196608 196608 196608 196608 196608 196608 196608 196608 196608 196608 196608 196608 196608 196608 196608 196608 
196608 196608 196608 196608 196608 196608 0 196608 196608 196608 196608 196608 196608 196608 196608 196608 196608 196608 196608 196608 196608 196608 196608 196608 196608 196608 196608 196608 196608 196608 196608 196608 196608 196608 196608 196608 196608 196608 196608 196608 196608 196608 196608 196608 196608 196608 196608 196608 196608 196608 
196608 196608 196608 196608 196608 196608 196608 0 196608 196608 196608 196608 196608 196608 196608 196608 196608 196608 196608 196608 196608 196608 196608 196608 196608 196608 196608 196608 196608 196608 196608 196608 196608 196608 196608 196608 196608 196608 196608 196608 196608 196608 196608 196608 196608 196608 196608 196608 196608 196608 
196608 196608 196608 196608 196608 196608 196608 196608 0 196608 196608 196608 196608 196608 196608 196608 196608 196608 196608 196608 196608 196608 196608 196608 196608 196608 196608 196608 196608 196608 196608 196608 196608 196608 196608 196608 196608 196608 196608 196608 196608 196608 196608 196608 196608 196608 196608 196608 196608 196608 
196608 196608 196608 196608 196608 196608 196608 196608 196608 0 196608 196608 196608 196608 196608 196608 196608 196608 196608 196608 196608 196608 196608 196608 196608 196608 196608 196608 196608 196608 196608 196608 196608 196608 196608 196608 196608 196608 196608 196608 196608 196608 196608 196608 196608 196608 196608 196608 196608 196608 
196608 196608 196608 196608 196608 196608 196608 196608 196608 196608 0 196608 196608 196608 196608 196608 196608 196608 196608 196608 196608 196608 196608 196608 196608 196608 196608 196608 196608 196608 196608 196608 196608 196608 196608 196608 196608 196608 196608 196608 196608 196608 196608 196608 196608 196608 196608 196608 196608 196608 
196608 196608 196608 196608 196608 196608 196608 196608 196608 196608 196608 0 196608 196608 196608 196608 196608 196608 196608 196608 196608 196608 196608 196608 196608 196608 196608 196608 196608 196608 196608 196608 196608 196608 196608 196608 196608 196608 196608 196608 196608 196608 196608 196608 196608 196608 196608 196608 196608 196608 
196608 196608 196608 196608 196608 196608 196608 196608 196608 196608 196608 196608 0 196608 196608 196608 196608 196608 196608 196608 196608 196608 196608 196608 196608 196608 196608 196608 196608 196608 196608 196608 196608 196608 196608 196608 196608 196608 196608 196608 196608 196608 196608 196608 196608 196608 196608 196608 196608 196608 
196608 196608 196608 196608 196608 196608 196608 196608 196608 196608 196608 196608 196608 0 196608 196608 196608 196608 196608 196608 196608 196608 196608 196608 196608 196608 196608 196608 196608 196608 196608 196608 196608 196608 196608 196608 196608 196608 196608 196608 196608 196608 196608 196608 196608 196608 196608 196608 196608 196608 
196608 196608 196608 196608 196608 196608 196608 196608 196608 196608 196608 196608 196608 196608 0 196608 196608 196608 196608 196608 196608 196608 196608 196608 196608 196608 196608 196608 196608 196608 196608 196608 196608 196608 196608 196608 196608 196608 196608 196608 196608 196608 196608 196608 196608 196608 196608 196608 196608 196608 
196608 196608 196608 196608 196608 196608 196608 196608 196608 196608 196608 196608 196608 196608 196608 0 196608 196608 196608 196608 196608 196608 196608 196608 196608 196608 196608 196608 196608 196608 196608 196608 196608 196608 196608 196608 196608 196608 196608 196608 196608 196608 196608 196608 196608 196608 196608 196608 196608 196608 
196608 196608 196608 196608 196608 196608 196608 196608 196608 196608 196608 196608 196608 196608 196608 196608 0 196608 196608 196608 196608 196608 196608 196608 196608 196608 196608 196608 196608 196608 196608 196608 196608 196608 196608 196608 196608 196608 196608 196608 196608 196608 196608 196608 196608 196608 196608 196608 196608 196608 
196608 196608 196608 196608 196608 196608 196608 196608 196608 196608 196608 196608 196608 196608 196608 196608 196608 0 196608 196608 196608 196608 196608 196608 196608 196608 196608 196608 196608 196608 196608 196608 196608 196608 196608 196608 196608 196608 196608 196608 196608 196608 196608 196608 196608 196608 196608 196608 196608 196608 
196608 196608 196608 196608 196608 196608 196608 196608 196608 196608 196608 196608 196608 196608 196608 196608 196608 196608 0 196608 196608 196608 196608 196608 196608 196608 196608 196608 196608 196608 196608 196608 196608 196608 196608 196608 196608 196608 196608 196608 196608 196608 196608 196608 196608 196608 196608 196608 196608 196608 
196608 196608 196608 196608 196608 196608 196608 196608 196608 196608 196608 196608 196608 196608 196608 196608 196608 196608 196608 0 196608 196608 196608 196608 196608 196608 196608 196608 196608 196608 196608 196608 196608 196608 196608 196608 196608 196608 196608 196608 196608 196608 196608 196608 196608 196608 196608 196608 196608 196608 
196608 196608 196608 196608 196608 196608 196608 196608 196608 196608 196608 196608 196608 196608 196608 196608 196608 196608 196608 196608 0 196608 196608 196608 196608 196608 196608 196608 196608 196608 196608 196608 196608 196608 196608 196608 196608 196608 196608 196608 196608 196608 196608 196608 196608 196608 196608 196608 196608 196608 
196608 196608 196608 196608 196608 196608 196608 196608 196608 196608 196608 196608 196608 196608 196608 196608 196608 196608 196608 196608 196608 0 196608 196608 196608 196608 196608 196608 196608 196608 196608 196608 196608 196608 196608 196608 196608 196608 196608 196608 196608 196608 196608 196608 196608 196608 196608 196608 196608 196608 
196608 196608 196608 196608 196608 196608 196608 196608 196608 196608 196608 196608 196608 196608 196608 196608 196608 196608 196608 196608 196608 196608 0 196608 196608 196608 196608 196608 196608 196608 196608 196608 196608 196608 196608 196608 196608 196608 196608 196608 196608 196608 196608 196608 196608 196608 196608 196608 196608 196608 
196608 196608 196608 196608 196608 196608 196608 196608 196608 196608 196608 196608 196608 196608 196608 196608 196608 196608 196608 196608 196608 196608 196608 0 196608 196608 196608 196608 196608 196608 196608 196608 196608 196608 196608 196608 196608 196608 196608 196608 196608 196608 196608 196608 196608 196608 196608 196608 196608 196608 
196608 196608 196608 196608 196608 196608 196608 196608 196608 196608 196608 196608 196608 196608 196608 196608 196608 196608 196608 196608 196608 196608 196608 196608 0 196608 196608 196608 196608 196608 196608 196608 196608 196608 196608 196608 196608 196608 196608 196608 196608 196608 196608 196608 196608 196608 196608 196608 196608 196608 
196608 196608 196608 196608 196608 196608 196608 196608 196608 196608 196608 196608 196608 196608 196608 196608 196608 196608 196608 196608 196608 196608 196608 196608 196608 0 196608 196608 196608 196608 196608 196608 196608 196608 196608 196608 196608 196608 196608 196608 196608 196608 196608 196608 196608 196608 196608 196608 196608 196608 
196608 196608 196608 196608 196608 196608 196608 196608 196608 196608 196608 196608 196608 196608 196608 196608 196608 196608 196608 196608 196608 196608 196608 196608 196608 196608 0 196608 196608 196608 196608 196608 196608 196608 196608 196608 196608 196608 196608 196608 196608 196608 196608 196608 196608 196608 196608 196608 196608 196608 
196608 196608 196608 196608 196608 196608 196608 196608 196608 196608 196608 196608 196608 196608 196608 196608 196608 196608 196608 196608 196608 196608 196608 196608 196608 196608 196608 0 196608 196608 196608 196608 196608 196608 196608 196608 196608 196608 196608 196608 196608 196608 196608 196608 196608 196608 196608 196608 196608 196608 
196608 196608 196608 196608 196608 196608 196608 196608 196608 196608 196608 196608 196608 196608 196608 196608 196608 196608 196608 196608 196608 196608 196608 196608 196608 196608 196608 196608 0 196608 196608 196608 196608 196608 196608 196608 196608 196608 196608 196608 196608 196608 196608 196608 196608 196608 196608 196608 196608 196608 
196608 196608 196608 196608 196608 196608 196608 196608 196608 196608 196608 196608 196608 196608 196608 196608 196608 196608 196608 196608 196608 196608 196608 196608 196608 196608 196608 196608 196608 0 196608 196608 196608 196608 196608 196608 196608 196608 196608 196608 196608 196608 196608 196608 196608 196608 196608 196608 196608 196608 
196608 196608 196608 196608 196608 196608 196608 196608 196608 196608 196608 196608 196608 196608 196608 196608 196608 196608 196608 196608 196608 196608 196608 196608 196608 196608 196608 196608 196608 196608 0 196608 196608 196608 196608 196608 196608 196608 196608 196608 196608 196608 196608 196608 196608 196608 196608 196608 196608 196608 
196608 196608 196608 196608 196608 196608 196608 196608 196608 196608 196608 196608 196608 196608 196608 196608 196608 196608 196608 196608 196608 196608 196608 196608 196608 196608 196608 196608 196608 196608 196608 0 196608 196608 196608 196608 196608 196608 196608 196608 196608 196608 196608 196608 196608 196608 196608 196608 196608 196608 
196608 196608 196608 196608 196608 196608 196608 196608 196608 196608 196608 196608 196608 196608 196608 196608 196608 196608 196608 196608 196608 196608 196608 196608 196608 196608 196608 196608 196608 196608 196608 196608 0 196608 196608 196608 196608 196608 196608 196608 196608 196608 196608 196608 196608 196608 196608 196608 196608 196608 
196608 196608 196608 196608 196608 196608 196608 196608 196608 196608 196608 196608 196608 196608 196608 196608 196608 196608 196608 196608 196608 196608 196608 196608 196608 196608 196608 196608 196608 196608 196608 196608 196608 0 196608 196608 196608 196608 196608 196608 196608 196608 196608 196608 196608 196608 196608 196608 196608 196608 
196608 196608 196608 196608 196608 196608 196608 196608 196608 196608 196608 196608 196608 196608 196608 196608 196608 196608 196608 196608 196608 196608 196608 196608 196608 196608 196608 196608 196608 196608 196608 196608 196608 196608 0 196608 196608 196608 196608 196608 196608 196608 196608 196608 196608 196608 196608 196608 196608 196608 
196608 196608 196608 196608 196608 196608 196608 196608 196608 196608 196608 196608 196608 196608 196608 196608 196608 196608 196608 196608 196608 196608 196608 196608 196608 196608 196608 196608 196608 196608 196608 196608 196608 196608 196608 0 196608 196608 196608 196608 196608 196608 196608 196608 196608 196608 196608 196608 196608 196608 
196608 196608 196608 196608 196608 196608 196608 196608 196608 196608 196608 196608 196608 196608 196608 196608 196608 196608 196608 196608 196608 196608 196608 196608 196608 196608 196608 196608 196608 196608 196608 196608 196608 196608 196608 196608 0 196608 196608 196608 196608 196608 196608 196608 196608 196608 196608 196608 196608 196608 
196608 196608 196608 196608 196608 196608 196608 196608 196608 196608 196608 196608 196608 196608 196608 196608 196608 196608 196608 196608 196608 196608 196608 196608 196608 196608 196608 196608 196608 196608 196608 196608 196608 196608 196608 196608 196608 0 196608 196608 196608 196608 196608 196608 196608 196608 196608 196608 196608 196608 
196608 196608 196608 196608 196608 196608 196608 196608 196608 196608 196608 196608 196608 196608 196608 196608 196608 196608 196608 196608 196608 196608 196608 196608 196608 196608 196608 196608 196608 196608 196608 196608 196608 196608 196608 196608 196608 196608 0 196608 196608 196608 196608 196608 196608 196608 196608 196608 196608 196608 
196608 196608 196608 196608 196608 196608 196608 196608 196608 196608 196608 196608 196608 196608 196608 196608 196608 196608 196608 196608 196608 196608 196608 196608 196608 196608 196608 196608 196608 196608 196608 196608 196608 196608 196608 196608 196608 196608 196608 0 196608 196608 196608 196608 196608 196608 196608 196608 196608 196608 
196608 196608 196608 196608 196608 196608 196608 196608 196608 196608 196608 196608 196608 196608 196608 196608 196608 196608 196608 196608 196608 196608 196608 196608 196608 196608 196608 196608 196608 196608 196608 196608 196608 196608 196608 196608 196608 196608 196608 196608 0 196608 196608 196608 196608 196608 196608 196608 196608 196608 
196608 196608 196608 196608 196608 196608 196608 196608 196608 196608 196608 196608 196608 196608 196608 196608 196608 196608 196608 196608 196608 196608 196608 196608 196608 196608 196608 196608 196608 196608 196608 196608 196608 196608 196608 196608 196608 196608 196608 196608 196608 0 196608 196608 196608 196608 196608 196608 196608 196608 
196608 196608 196608 196608 196608 196608 196608 196608 196608 196608 196608 196608 196608 196608 196608 196608 196608 196608 196608 196608 196608 196608 196608 196608 196608 196608 196608 196608 196608 196608 196608 196608 196608 196608 196608 196608 196608 196608 196608 196608 196608 196608 0 196608 196608 196608 196608 196608 196608 196608 
196608 196608 196608 196608 196608 196608 196608 196608 196608 196608 196608 196608 196608 196608 196608 196608 196608 196608 196608 196608 196608 196608 196608 196608 196608 196608 196608 196608 196608 196608 196608 196608 196608 196608 196608 196608 196608 196608 196608 196608 196608 196608 196608 0 196608 196608 196608 196608 196608 196608 
196608 196608 196608 196608 196608 196608 196608 196608 196608 196608 196608 196608 196608 196608 196608 196608 196608 196608 196608 196608 196608 196608 196608 196608 196608 196608 196608 196608 196608 196608 196608 196608 196608 196608 196608 196608 196608 196608 196608 196608 196608 196608 196608 196608 0 196608 196608 196608 196608 196608 
196608 196608 196608 196608 196608 196608 196608 196608 196608 196608 196608 196608 196608 196608 196608 196608 196608 196608 196608 196608 196608 196608 196608 196608 196608 196608 196608 196608 196608 196608 196608 196608 196608 196608 196608 196608 196608 196608 196608 196608 196608 196608 196608 196608 196608 0 196608 196608 196608 196608 
196608 196608 196608 196608 196608 196608 196608 196608 196608 196608 196608 196608 196608 196608 196608 196608 196608 196608 196608 196608 196608 196608 196608 196608 196608 196608 196608 196608 196608 196608 196608 196608 196608 196608 196608 196608 196608 196608 196608 196608 196608 196608 196608 196608 196608 196608 0 196608 196608 196608 
196608 196608 196608 196608 196608 196608 196608 196608 196608 196608 196608 196608 196608 196608 196608 196608 196608 196608 196608 196608 196608 196608 196608 196608 196608 196608 196608 196608 196608 196608 196608 196608 196608 196608 196608 196608 196608 196608 196608 196608 196608 196608 196608 196608 196608 196608 196608 0 196608 196608 
196608 196608 196608 196608 196608 196608 196608 196608 196608 196608 196608 196608 196608 196608 196608 196608 196608 196608 196608 196608 196608 196608 196608 196608 196608 196608 196608 196608 196608 196608 196608 196608 196608 196608 196608 196608 196608 196608 196608 196608 196608 196608 196608 196608 196608 196608 196608 196608 0 196608 
196608 196608 196608 196608 196608 196608 196608 196608 196608 196608 196608 196608 196608 196608 196608 196608 196608 196608 196608 196608 196608 196608 196608 196608 196608 196608 196608 196608 196608 196608 196608 196608 196608 196608 196608 196608 196608 196608 196608 196608 196608 196608 196608 196608 196608 196608 196608 196608 196608 0 
0 1536 1536 1536 1536 1536 1536 1536 1536 1536 1536 1536 1536 1536 1536 1536 1536 1536 1536 1536 1536 1536 1536 1536 1536 1536 1536 1536 1536 1536 1536 1536 1536 1536 1536 1536 1536 1536 1536 1536 1536 1536 1536 1536 1536 1536 1536 1536 1536 1536 
1536 0 1536 1536 1536 1536 1536 1536 1536 1536 1536 1536 1536 1536 1536 1536 1536 1536 1536 1536 1536 1536 1536 1536 1536 1536 1536 1536 1536 1536 1536 1536 1536 1536 1536 1536 1536 1536 1536 1536 1536 1536 1536 1536 1536 1536 1536 1536 1536 1536 
1536 1536 0 1536 1536 1536 1536 1536 1536 1536 1536 1536 1536 1536 1536 1536 1536 1536 1536 1536 1536 1536 1536 1536 1536 1536 1536 1536 1536 1536 1536 1536 1536 1536 1536 1536 1536 1536 1536 1536 1536 1536 1536 1536 1536 1536 1536 1536 1536 1536 
1536 1536 1536 0 1536 1536 1536 1536 1536 1536 1536 1536 1536 1536 1536 1536 1536 1536 1536 1536 1536 1536 1536 1536 1536 1536 1536 1536 1536 1536 1536 1536 1536 1536 1536 1536 1536 1536 1536 1536 1536 1536 1536 1536 1536 1536 1536 1536 1536 1536 
1536 1536 1536 1536 0 1536 1536 1536 1536 1536 1536 1536 1536 1536 1536 1536 1536 1536 1536 1536 1536 1536 1536 1536 1536 1536 1536 1536 1536 1536 1536 1536 1536 1536 1536 1536 1536 1536 1536 1536 1536 1536 1536 1536 1536 1536 1536 1536 1536 1536 
1536 1536 1536 1536 1536 0 1536 1536 1536 1536 1536 1536 1536 1536 1536 1536 1536 1536 1536 1536 1536 1536 1536 1536 1536 1536 1536 1536 1536 1536 1536 1536 1536 1536 1536 1536 1536 1536 1536 1536 1536 1536 1536 1536 1536 1536 1536 1536 1536 1536 
1536 1536 1536 1536 1536 1536 0 1536 1536 1536 1536 1536 1536 1536 1536 1536 1536 1536 1536 1536 1536 1536 1536 1536 1536 1536 1536 1536 1536 1536 1536 1536 1536 1536 1536 1536 1536 1536 1536 1536 1536 1536 1536 1536 1536 1536 1536 1536 1536 1536 
1536 1536 1536 1536 1536 1536 1536 0 1536 1536 1536 1536 1536 1536 1536 1536 1536 1536 1536 1536 1536 1536 1536 1536 1536 1536 1536 1536 1536 1536 1536 1536 1536 1536 1536 1536 1536 1536 1536 1536 1536 1536 1536 1536 1536 1536 1536 1536 1536 1536 
1536 1536 1536 1536 1536 1536 1536 1536 0 1536 1536 1536 1536 1536 1536 1536 1536 1536 1536 1536 1536 1536 1536 1536 1536 1536 1536 1536 1536 1536 1536 1536 1536 1536 1536 1536 1536 1536 1536 1536 1536 1536 1536 1536 1536 1536 1536 1536 1536 1536 
1536 1536 1536 1536 1536 1536 1536 1536 1536 0 1536 1536 1536 1536 1536 1536 1536 1536 1536 1536 1536 1536 1536 1536 1536 1536 1536 1536 1536 1536 1536 1536 1536 1536 1536 1536 1536 1536 1536 1536 1536 1536 1536 1536 1536 1536 1536 1536 1536 1536 
1536 1536 1536 1536 1536 1536 1536 1536 1536 1536 0 1536 1536 1536 1536 1536 1536 1536 1536 1536 1536 1536 1536 1536 1536 1536 1536 1536 1536 1536 1536 1536 1536 1536 1536 1536 1536 1536 1536 1536 1536 1536 1536 1536 1536 1536 1536 1536 1536 1536 
1536 1536 1536 1536 1536 1536 1536 1536 1536 1536 1536 0 1536 1536 1536 1536 1536 1536 1536 1536 1536 1536 1536 1536 1536 1536 1536 1536 1536 1536 1536 1536 1536 1536 1536 1536 1536 1536 1536 1536 1536 1536 1536 1536 1536 1536 1536 1536 1536 1536 
1536 1536 1536 1536 1536 1536 1536 1536 1536 1536 1536 1536 0 1536 1536 1536 1536 1536 1536 1536 1536 1536 1536 1536 1536 1536 1536 1536 1536 1536 1536 1536 1536 1536 1536 1536 1536 1536 1536 1536 1536 1536 1536 1536 1536 1536 1536 1536 1536 1536 
1536 1536 1536 1536 1536 1536 1536 1536 1536 1536 1536 1536 1536 0 1536 1536 1536 1536 1536 1536 1536 1536 1536 1536 1536 1536 1536 1536 1536 1536 1536 1536 1536 1536 1536 1536 1536 1536 1536 1536 1536 1536 1536 1536 1536 1536 1536 1536 1536 1536 
1536 1536 1536 1536 1536 1536 1536 1536 1536 1536 1536 1536 1536 1536 0 1536 1536 1536 1536 1536 1536 1536 1536 1536 1536 1536 1536 1536 1536 1536 1536 1536 1536 1536 1536 1536 1536 1536 1536 1536 1536 1536 1536 1536 1536 1536 1536 1536 1536 1536 
1536 1536 1536 1536 1536 1536 1536 1536 1536 1536 1536 1536 1536 1536 1536 0 1536 1536 1536 1536 1536 1536 1536 1536 1536 1536 1536 1536 1536 1536 1536 1536 1536 1536 1536 1536 1536 1536 1536 1536 1536 1536 1536 1536 1536 1536 1536 1536 1536 1536 
1536 1536 1536 1536 1536 1536 1536 1536 1536 1536 1536 1536 1536 1536 1536 1536 0 1536 1536 1536 1536 1536 1536 1536 1536 1536 1536 1536 1536 1536 1536 1536 1536 1536 1536 1536 1536 1536 1536 1536 1536 1536 1536 1536 1536 1536 1536 1536 1536 1536 
1536 1536 1536 1536 1536 1536 1536 1536 1536 1536 1536 1536 1536 1536 1536 1536 1536 0 1536 1536 1536 1536 1536 1536 1536 1536 1536 1536 1536 1536 1536 1536 1536 1536 1536 1536 1536 1536 1536 1536 1536 1536 1536 1536 1536 1536 1536 1536 1536 1536 
1536 1536 1536 1536 1536 1536 1536 1536 1536 1536 1536 1536 1536 1536 1536 1536 1536 1536 0 1536 1536 1536 1536 1536 1536 1536 1536 1536 1536 1536 1536 1536 1536 1536 1536 1536 1536 1536 1536 1536 1536 1536 1536 1536 1536 1536 1536 1536 1536 1536 
1536 1536 1536 1536 1536 1536 1536 1536 1536 1536 1536 1536 1536 1536 1536 1536 1536 1536 1536 0 1536 1536 1536 1536 1536 1536 1536 1536 1536 1536 1536 1536 1536 1536 1536 1536 1536 1536 1536 1536 1536 1536 1536 1536 1536 1536 1536 1536 1536 1536 
1536 1536 1536 1536 1536 1536 1536 1536 1536 1536 1536 1536 1536 1536 1536 1536 1536 1536 1536 1536 0 1536 1536 1536 1536 1536 1536 1536 1536 1536 1536 1536 1536 1536 1536 1536 1536 1536 1536 1536 1536 1536 1536 1536 1536 1536 1536 1536 1536 1536 
1536 1536 1536 1536 1536 1536 1536 1536 1536 1536 1536 1536 1536 1536 1536 1536 1536 1536 1536 1536 1536 0 1536 1536 1536 1536 1536 1536 1536 1536 1536 1536 1536 1536 1536 1536 1536 1536 1536 1536 1536 1536 1536 1536 1536 1536 1536 1536 1536 1536 
1536 1536 1536 1536 1536 1536 1536 1536 1536 1536 1536 1536 1536 1536 1536 1536 1536 1536 1536 1536 1536 1536 0 1536 1536 1536 1536 1536 1536 1536 1536 1536 1536 1536 1536 1536 1536 1536 1536 1536 1536 1536 1536 1536 1536 1536 1536 1536 1536 1536 
1536 1536 1536 1536 1536 1536 1536 1536 1536 1536 1536 1536 1536 1536 1536 1536 1536 1536 1536 1536 1536 1536 1536 0 1536 1536 1536 1536 1536 1536 1536 1536 1536 1536 1536 1536 1536 1536 1536 1536 1536 1536 1536 1536 1536 1536 1536 1536 1536 1536 
1536 1536 1536 1536 1536 1536 1536 1536 1536 1536 1536 1536 1536 1536 1536 1536 1536 1536 1536 1536 1536 1536 1536 1536 0 1536 1536 1536 1536 1536 1536 1536 1536 1536 1536 1536 1536 1536 1536 1536 1536 1536 1536 1536 1536 1536 1536 1536 1536 1536 
1536 1536 1536 1536 1536 1536 1536 1536 1536 1536 1536 1536 1536 1536 1536 1536 1536 1536 1536 1536 1536 1536 1536 1536 1536 0 1536 1536 1536 1536 1536 1536 1536 1536 1536 1536 1536 1536 1536 1536 1536 1536 1536 1536 1536 1536 1536 1536 1536 1536 
1536 1536 1536 1536 1536 1536 1536 1536 1536 1536 1536 1536 1536 1536 1536 1536 1536 1536 1536 1536 1536 1536 1536 1536 1536 1536 0 1536 1536 1536 1536 1536 1536 1536 1536 1536 1536 1536 1536 1536 1536 1536 1536 1536 1536 1536 1536 1536 1536 1536 
1536 1536 1536 1536 1536 1536 1536 1536 1536 1536 1536 1536 1536 1536 1536 1536 1536 1536 1536 1536 1536 1536 1536 1536 1536 1536 1536 0 1536 1536 1536 1536 1536 1536 1536 1536 1536 1536 1536 1536 1536 1536 1536 1536 1536 1536 1536 1536 1536 1536 
1536 1536 1536 1536 1536 1536 1536 1536 1536 1536 1536 1536 1536 1536 1536 1536 1536 1536 1536 1536 1536 1536 1536 1536 1536 1536 1536 1536 0 1536 1536 1536 1536 1536 1536 1536 1536 1536 1536 1536 1536 1536 1536 1536 1536 1536 1536 1536 1536 1536 
1536 1536 1536 1536 1536 1536 1536 1536 1536 1536 1536 1536 1536 1536 1536 1536 1536 1536 1536 1536 1536 1536 1536 1536 1536 1536 1536 1536 1536 0 1536 1536 1536 1536 1536 1536 1536 1536 1536 1536 1536 1536 1536 1536 1536 1536 1536 1536 1536 1536 
1536 1536 1536 1536 1536 1536 1536 1536 1536 1536 1536 1536 1536 1536 1536 1536 1536 1536 1536 1536 1536 1536 1536 1536 1536 1536 1536 1536 1536 1536 0 1536 1536 1536 1536 1536 1536 1536 1536 1536 1536 1536 1536 1536 1536 1536 1536 1536 1536 1536 
1536 1536 1536 1536 1536 1536 1536 1536 1536 1536 1536 1536 1536 1536 1536 1536 1536 1536 1536 1536 1536 1536 1536 1536 1536 1536 1536 1536 1536 1536 1536 0 1536 1536 1536 1536 1536 1536 1536 1536 1536 1536 1536 1536 1536 1536 1536 1536 1536 1536 
1536 1536 1536 1536 1536 1536 1536 1536 1536 1536 1536 1536 1536 1536 1536 1536 1536 1536 1536 1536 1536 1536 1536 1536 1536 1536 1536 1536 1536 1536 1536 1536 0 1536 1536 1536 1536 1536 1536 1536 1536 1536 1536 1536 1536 1536 1536 1536 1536 1536 
1536 1536 1536 1536 1536 1536 1536 1536 1536 1536 1536 1536 1536 1536 1536 1536 1536 1536 1536 1536 1536 1536 1536 1536 1536 1536 1536 1536 1536 1536 1536 1536 1536 0 1536 1536 1536 1536 1536 1536 1536 1536 1536 1536 1536 1536 1536 1536 1536 1536 
1536 1536 1536 1536 1536 1536 1536 1536 1536 1536 1536 1536 1536 1536 1536 1536 1536 1536 1536 1536 1536 1536 1536 1536 1536 1536 1536 1536 1536 1536 1536 1536 1536 1536 0 1536 1536 1536 1536 1536 1536 1536 1536 1536 1536 1536 1536 1536 1536 1536 
1536 1536 1536 1536 1536 1536 1536 1536 1536 1536 1536 1536 1536 1536 1536 1536 1536 1536 1536 1536 1536 1536 1536 1536 1536 1536 1536 1536 1536 1536 1536 1536 1536 1536 1536 0 1536 1536 1536 1536 1536 1536 1536 1536 1536 1536 1536 1536 1536 1536 
1536 1536 1536 1536 1536 1536 1536 1536 1536 1536 1536 1536 1536 1536 1536 1536 1536 1536 1536 1536 1536 1536 1536 1536 1536 1536 1536 1536 1536 1536 1536 1536 1536 1536 1536 1536 0 1536 1536 1536 1536 1536 1536 1536 1536 1536 1536 1536 1536 1536 
1536 1536 1536 1536 1536 1536 1536 1536 1536 1536 1536 1536 1536 1536 1536 1536 1536 1536 1536 1536 1536 1536 1536 1536 1536 1536 1536 1536 1536 1536 1536 1536 1536 1536 1536 1536 1536 0 1536 1536 1536 1536 1536 1536 1536 1536 1536 1536 1536 1536 
1536 1536 1536 1536 1536 1536 1536 1536 1536 1536 1536 1536 1536 1536 1536 1536 1536 1536 1536 1536 1536 1536 1536 1536 1536 1536 1536 1536 1536 1536 1536 1536 1536 1536 1536 1536 1536 1536 0 1536 1536 1536 1536 1536 1536 1536 1536 1536 1536 1536 
1536 1536 1536 1536 1536 1536 1536 1536 1536 1536 1536 1536 1536 1536 1536 1536 1536 1536 1536 1536 1536 1536 1536 1536 1536 1536 1536 1536 1536 1536 1536 1536 1536 1536 1536 1536 1536 1536 1536 0 1536 1536 1536 1536 1536 1536 1536 1536 1536 1536 
1536 1536 1536 1536 1536 1536 1536 1536 1536 1536 1536 1536 1536 1536 1536 1536 1536 1536 1536 1536 1536 1536 1536 1536 1536 1536 1536 1536 1536 1536 1536 1536 1536 1536 1536 1536 1536 1536 1536 1536 0 1536 1536 1536 1536 1536 1536 1536 1536 1536 
1536 1536 1536 1536 1536 1536 1536 1536 1536 1536 1536 1536 1536 1536 1536 1536 1536 1536 1536 1536 1536 1536 1536 1536 1536 1536 1536 1536 1536 1536 1536 1536 1536 1536 1536 1536 1536 1536 1536 1536 1536 0 1536 1536 1536 1536 1536 1536 1536 1536 
1536 1536 1536 1536 1536 1536 1536 1536 1536 1536 1536 1536 1536 1536 1536 1536 1536 1536 1536 1536 1536 1536 1536 1536 1536 1536 1536 1536 1536 1536 1536 1536 1536 1536 1536 1536 1536 1536 1536 1536 1536 1536 0 1536 1536 1536 1536 1536 1536 1536 
1536 1536 1536 1536 1536 1536 1536 1536 1536 1536 1536 1536 1536 1536 1536 1536 1536 1536 1536 1536 1536 1536 1536 1536 1536 1536 1536 1536 1536 1536 1536 1536 1536 1536 1536 1536 1536 1536 1536 1536 1536 1536 1536 0 1536 1536 1536 1536 1536 1536 
1536 1536 1536 1536 1536 1536 1536 1536 1536 1536 1536 1536 1536 1536 1536 1536 1536 1536 1536 1536 1536 1536 1536 1536 1536 1536 1536 1536 1536 1536 1536 1536 1536 1536 1536 1536 1536 1536 1536 1536 1536 1536 1536 1536 0 1536 1536 1536 1536 1536 
1536 1536 1536 1536 1536 1536 1536 1536 1536 1536 1536 1536 1536 1536 1536 1536 1536 1536 1536 1536 1536 1536 1536 1536 1536 1536 1536 1536 1536 1536 1536 1536 1536 1536 1536 1536 1536 1536 1536 1536 1536 1536 1536 1536 1536 0 1536 1536 1536 1536 
1536 1536 1536 1536 1536 1536 1536 1536 1536 1536 1536 1536 1536 1536 1536 1536 1536 1536 1536 1536 1536 1536 1536 1536 1536 1536 1536 1536 1536 1536 1536 1536 1536 1536 1536 1536 1536 1536 1536 1536 1536 1536 1536 1536 1536 1536 0 1536 1536 1536 
1536 1536 1536 1536 1536 1536 1536 1536 1536 1536 1536 1536 1536 1536 1536 1536 1536 1536 1536 1536 1536 1536 1536 1536 1536 1536 1536 1536 1536 1536 1536 1536 1536 1536 1536 1536 1536 1536 1536 1536 1536 1536 1536 1536 1536 1536 1536 0 1536 1536 
1536 1536 1536 1536 1536 1536 1536 1536 1536 1536 1536 1536 1536 1536 1536 1536 1536 1536 1536 1536 1536 1536 1536 1536 1536 1536 1536 1536 1536 1536 1536 1536 1536 1536 1536 1536 1536 1536 1536 1536 1536 1536 1536 1536 1536 1536 1536 1536 0 1536 
1536 1536 1536 1536 1536 1536 1536 1536 1536 1536 1536 1536 1536 1536 1536 1536 1536 1536 1536 1536 1536 1536 1536 1536 1536 1536 1536 1536 1536 1536 1536 1536 1536 1536 1536 1536 1536 1536 1536 1536 1536 1536 1536 1536 1536 1536 1536 1536 1536 0 
0
